0.000000, 1.089693, 0.984605, 1.038477, 1.033961, 1.026509, 1.213928, 1.105765, 1.205866, 0.964440, 1.168576, 1.050256, 1.034483, 0.947510, 1.044964, 0.843110, 1.031273, 1.446480, 1.046815, 1.118509, 0.889963, 1.395679, 1.143424, 1.160425, 0.960729, 0.905251, 1.240866, 1.105699, 1.307090, 0.996699, 1.049537, 1.216120, 1.234888, 1.173913, 1.254128, 0.872444, 1.152665, 1.024089, 0.954970, 1.402197, 0.972190, 0.870747, 1.301069, 0.861456, 1.054918, 1.074251, 0.950567, 1.092692, 1.106179, 1.327226, 1.393788, 1.224893, 1.194867, 1.186849, 0.956231, 1.262176, 1.281305, 1.093185, 1.108245, 1.123106, 1.068941, 1.098315, 0.824100, 1.184258, 1.076552, 1.017406, 0.933236, 0.993048, 1.282668, 1.222106, 1.163787, 1.392636, 1.172155, 1.122173, 1.097493, 0.946448, 1.163044, 1.252130, 1.051002, 1.152895, 1.143427, 1.080417, 0.955234, 1.252494, 1.287886, 0.862990, 1.289639, 1.045139, 0.962072, 1.067433, 0.942948, 1.154471, 1.346557, 1.055200, 0.881330, 1.107557, 0.976274, 1.033124, 1.029356, 1.126984, 
1.089693, 0.000000, 0.841705, 0.845535, 1.018423, 0.868799, 0.995414, 1.122749, 0.944126, 1.290006, 1.092121, 0.879890, 0.817526, 1.144721, 1.040083, 0.942088, 0.884590, 1.022415, 0.923506, 0.762910, 0.856464, 1.229263, 0.709222, 0.992254, 1.009511, 0.979771, 1.003956, 0.965887, 0.911117, 0.891367, 1.048894, 1.036631, 0.929017, 0.843968, 1.130872, 1.002590, 1.136195, 1.024289, 1.096271, 1.421500, 1.077982, 1.107796, 1.177230, 1.173776, 0.980873, 0.993166, 1.068011, 0.928900, 0.983116, 0.928747, 0.886103, 1.480034, 1.072336, 1.008662, 1.298732, 1.041502, 1.090308, 0.817154, 1.166882, 0.767473, 0.785776, 0.833424, 1.018839, 0.923820, 0.917182, 0.880316, 1.142510, 1.103851, 1.055343, 1.007049, 1.175677, 1.139512, 1.007865, 0.975412, 0.903128, 0.999192, 1.068241, 1.051811, 1.298380, 1.108260, 0.954687, 0.811195, 0.903343, 0.981941, 1.064929, 0.922513, 0.995861, 0.795838, 0.984260, 1.030520, 1.074202, 1.497417, 1.077595, 0.956468, 1.007995, 0.749802, 1.118767, 0.938318, 1.036173, 0.843265, 
0.984605, 0.841705, 0.000000, 0.839701, 1.217996, 0.891571, 1.251911, 1.227374, 0.973697, 1.109554, 1.063381, 0.979219, 0.825358, 0.869044, 1.075613, 0.829938, 0.913475, 1.274566, 0.943897, 1.024058, 0.892591, 1.361054, 1.003304, 0.851280, 1.110182, 1.274566, 0.982201, 1.050938, 1.079238, 0.814073, 1.230056, 1.240097, 1.071177, 0.782728, 1.351900, 1.016264, 0.987936, 0.917938, 1.206472, 1.358820, 0.871157, 0.955293, 1.531266, 0.927877, 1.125017, 0.908679, 0.718723, 1.064703, 1.104648, 1.260510, 1.154038, 1.357668, 1.381412, 1.177503, 1.171123, 1.153740, 1.322581, 1.122511, 0.996706, 0.895974, 1.188068, 1.032735, 1.104533, 1.109269, 1.031881, 0.985171, 1.032632, 1.179354, 1.180909, 1.303089, 1.419790, 1.270051, 1.159162, 1.213166, 1.067263, 1.022596, 1.255994, 1.150141, 1.041056, 1.409712, 0.919459, 0.884783, 1.172772, 1.169995, 1.206172, 1.033300, 1.244963, 1.084324, 0.955222, 0.903871, 0.931243, 1.335745, 1.251444, 1.254378, 1.039791, 1.018335, 1.115208, 1.213396, 0.858571, 0.967711, 
1.038477, 0.845535, 0.839701, 0.000000, 1.197769, 0.874841, 1.081831, 0.974913, 0.860274, 1.101852, 0.994560, 0.640127, 0.868687, 1.202950, 0.874492, 0.959566, 0.665976, 1.301466, 1.030564, 0.956011, 0.892086, 1.232808, 1.043681, 0.764235, 0.718142, 1.204979, 0.869045, 1.187673, 0.861900, 0.944859, 1.150480, 0.942173, 1.110768, 0.950476, 1.023377, 1.096527, 0.983979, 0.873480, 0.930716, 1.547598, 1.073562, 1.070870, 1.365019, 0.924624, 1.088504, 0.786176, 0.880952, 0.974581, 0.922515, 1.260916, 0.911231, 1.563900, 1.367029, 0.941046, 1.215640, 1.121168, 1.139658, 1.087519, 1.156231, 0.906675, 1.058548, 0.903288, 1.093519, 0.948083, 1.073460, 1.056734, 0.921430, 0.946047, 1.203940, 0.961671, 1.322524, 1.354014, 0.901942, 1.092971, 1.144004, 0.961447, 1.283500, 1.076596, 1.106048, 1.232087, 0.840074, 0.954571, 0.992825, 1.049481, 1.040869, 1.101722, 1.071747, 0.923087, 1.134221, 0.806664, 0.683966, 1.353975, 1.202880, 0.932751, 1.062191, 0.934271, 0.994654, 1.183960, 0.887091, 0.997072, 
1.033961, 1.018423, 1.217996, 1.197769, 0.000000, 0.896121, 0.908782, 1.071503, 0.865728, 1.030149, 0.848394, 1.043866, 0.994404, 1.014734, 1.085825, 1.304983, 1.139515, 1.139715, 0.893766, 0.985011, 1.029034, 1.045007, 0.944334, 1.151749, 1.104912, 0.798907, 1.164719, 0.997766, 0.945287, 1.005967, 0.834082, 0.998988, 0.941405, 1.072687, 1.051914, 0.932903, 1.318287, 1.077856, 1.044629, 1.375318, 1.092823, 1.093307, 0.917867, 1.085963, 0.863090, 1.147179, 1.209177, 1.063042, 0.863012, 1.023870, 1.162748, 1.362975, 0.876228, 0.929540, 1.272197, 1.008885, 0.864786, 0.980697, 1.045047, 1.030253, 0.917172, 1.120720, 1.042032, 1.033215, 0.704204, 1.273212, 1.304459, 1.160489, 1.016998, 1.114550, 1.037328, 0.913346, 0.934819, 0.905399, 1.032963, 1.165807, 1.006392, 1.028729, 1.262291, 0.926684, 1.195683, 1.245764, 0.955695, 0.961413, 0.922741, 0.914312, 1.005251, 1.009427, 0.934526, 1.241343, 1.216231, 1.351311, 0.881674, 1.018347, 1.091912, 1.177094, 0.953361, 0.900834, 1.142607, 0.989874, 
1.026509, 0.868799, 0.891571, 0.874841, 0.896121, 0.000000, 1.073501, 0.914319, 1.050452, 0.844936, 0.952587, 1.003205, 0.817675, 1.059924, 0.997800, 0.948101, 0.991227, 1.011711, 0.910368, 0.885215, 0.762762, 1.269894, 1.015916, 0.861706, 1.109174, 0.974763, 0.963500, 1.032960, 0.972415, 0.772140, 1.106816, 1.124998, 1.031108, 0.757091, 1.305956, 0.992004, 1.195201, 1.014646, 1.116658, 1.266630, 1.088156, 1.152405, 1.214083, 1.119333, 0.993319, 1.100347, 1.052958, 1.046163, 1.015394, 1.005287, 1.180942, 1.304382, 1.237228, 1.053281, 1.267650, 1.092199, 1.237041, 0.968691, 1.080725, 0.749550, 1.097592, 0.910651, 0.855780, 0.996800, 0.895453, 1.014107, 1.228423, 1.177922, 1.095097, 1.187072, 0.993785, 1.175912, 1.054299, 0.986487, 1.118567, 0.999495, 1.056797, 1.095303, 1.269426, 1.205901, 1.136669, 0.857314, 1.093368, 1.107761, 1.178393, 0.983672, 1.184588, 1.014137, 0.991447, 1.096758, 1.094858, 1.253054, 1.208134, 1.029009, 1.123899, 0.975827, 1.000276, 1.106365, 1.082717, 0.934446, 
1.213928, 0.995414, 1.251911, 1.081831, 0.908782, 1.073501, 0.000000, 1.169683, 1.065746, 1.027552, 1.139191, 1.035759, 1.159194, 1.115408, 1.137019, 1.393249, 1.018785, 0.769214, 0.997915, 1.065009, 1.236774, 0.924236, 1.110346, 1.156243, 1.248302, 0.953775, 1.115574, 1.112042, 0.927526, 1.183649, 0.811522, 1.039148, 1.116129, 1.169895, 1.306110, 1.143033, 1.244780, 1.232241, 1.161287, 1.013127, 0.880500, 1.178314, 0.948651, 1.392392, 0.754217, 1.245791, 1.411035, 0.941494, 1.246592, 1.234089, 1.052034, 1.004203, 0.879650, 0.947405, 1.384397, 1.084403, 0.917552, 1.131447, 1.117960, 1.080723, 1.083820, 1.216030, 1.167360, 1.051695, 0.956627, 1.307613, 1.390779, 1.298524, 0.948469, 0.729601, 0.814638, 0.687342, 0.945437, 1.058711, 1.023635, 0.981161, 1.020307, 1.117275, 1.197972, 1.074998, 1.257237, 1.154328, 1.168948, 1.070555, 1.004864, 1.039629, 0.833167, 0.886278, 1.113160, 1.226264, 1.177772, 1.153263, 0.662930, 0.884989, 1.221704, 1.176321, 0.881468, 1.016161, 1.313307, 1.039221, 
1.105765, 1.122749, 1.227374, 0.974913, 1.071503, 0.914319, 1.169683, 0.000000, 1.065202, 1.185979, 1.003475, 0.997410, 1.002438, 1.063193, 0.964694, 1.191713, 1.073320, 1.074419, 0.932266, 1.303028, 1.111293, 1.061691, 1.234483, 0.917830, 1.041851, 1.118007, 0.977358, 0.987276, 1.140319, 1.142643, 1.027388, 1.052119, 1.155302, 1.099213, 1.255529, 0.986464, 1.255209, 1.032234, 0.864772, 1.201366, 1.084344, 1.069857, 1.267846, 1.058778, 1.202101, 0.952109, 1.089303, 0.993629, 1.056160, 1.318822, 1.251689, 1.128714, 1.031990, 1.125609, 1.304097, 1.279997, 1.353904, 1.178451, 1.079443, 0.983010, 1.100654, 1.201189, 1.031564, 0.956922, 0.977528, 1.083976, 1.186384, 1.040702, 1.099958, 0.994717, 1.028937, 1.149816, 1.236028, 1.136620, 1.041769, 1.236297, 1.025309, 0.960428, 1.110547, 1.184508, 1.062558, 1.231341, 1.064714, 0.973034, 1.224323, 1.022721, 1.008396, 1.181183, 1.103672, 1.097240, 1.084014, 1.294682, 1.182713, 0.871734, 0.992537, 0.952849, 1.024603, 1.109012, 1.112869, 1.259627, 
1.205866, 0.944126, 0.973697, 0.860274, 0.865728, 1.050452, 1.065746, 1.065202, 0.000000, 1.227646, 0.804818, 0.751938, 0.902791, 0.999051, 0.954501, 1.202432, 0.951274, 1.324473, 0.849691, 1.023436, 1.005332, 1.025037, 0.883841, 0.829482, 0.980601, 0.966534, 0.997714, 1.041982, 0.709391, 1.030549, 0.969739, 0.815269, 0.855707, 1.027760, 0.986057, 0.978221, 0.960507, 0.958397, 1.066955, 1.473528, 1.100875, 1.078004, 1.086823, 0.984781, 0.937990, 0.867303, 0.829185, 1.028615, 0.799486, 1.026463, 0.885987, 1.467666, 0.962970, 0.864304, 1.323422, 1.012684, 0.971803, 0.983864, 0.985363, 0.938432, 0.908713, 1.117707, 1.072324, 0.989679, 0.792125, 1.152692, 1.128679, 0.953665, 1.021507, 1.072027, 1.236925, 0.869015, 0.737953, 0.894392, 1.042683, 1.188088, 1.037528, 0.997481, 1.245064, 0.963058, 0.863310, 1.146198, 0.941291, 0.968450, 1.020711, 1.039478, 0.920654, 1.043781, 0.921348, 0.900243, 1.004552, 1.415906, 0.939053, 1.024823, 1.074460, 1.025559, 1.030179, 1.025238, 0.828353, 1.010111, 
0.964440, 1.290006, 1.109554, 1.101852, 1.030149, 0.844936, 1.027552, 1.185979, 1.227646, 0.000000, 1.153032, 1.254981, 1.130306, 0.984359, 1.185696, 1.167046, 1.170002, 1.115876, 0.964059, 1.096526, 1.053461, 1.154714, 1.269230, 1.073883, 1.024721, 0.979093, 1.250387, 1.051478, 1.274145, 1.012586, 1.012482, 1.309738, 1.297434, 1.033125, 1.358152, 0.934195, 1.379557, 1.136848, 1.171032, 1.104407, 0.820721, 1.060636, 1.096840, 1.091214, 0.943033, 1.216036, 1.207629, 0.938913, 1.141778, 1.306394, 1.478454, 1.118520, 1.143952, 1.224211, 1.085242, 1.346105, 0.993608, 1.306992, 1.142714, 1.138458, 1.124541, 1.113642, 0.881630, 1.165799, 1.047346, 1.177490, 1.126374, 1.273199, 1.201702, 0.893598, 0.950640, 1.102959, 1.170118, 1.121072, 1.196120, 0.926298, 1.010996, 1.196649, 0.921282, 1.238968, 1.240189, 1.044916, 1.116200, 1.276106, 1.175929, 1.017789, 1.194405, 1.051132, 0.890494, 1.241899, 1.048252, 0.926735, 1.177284, 1.067105, 1.058477, 1.327769, 0.884219, 1.192693, 1.181241, 1.332235, 
1.168576, 1.092121, 1.063381, 0.994560, 0.848394, 0.952587, 1.139191, 1.003475, 0.804818, 1.153032, 0.000000, 0.835962, 0.980758, 1.029675, 0.927211, 1.157235, 1.029360, 1.337573, 0.939997, 1.082742, 0.990825, 0.951947, 1.070391, 1.006050, 1.008509, 0.902833, 0.959474, 1.128393, 0.770230, 0.945008, 1.000537, 0.907997, 1.008333, 1.142404, 0.917707, 1.081209, 1.140282, 1.019626, 1.071392, 1.562820, 1.227305, 1.230689, 1.115247, 0.969439, 1.011457, 0.915181, 1.027157, 1.047764, 0.752866, 0.936060, 0.948564, 1.495679, 1.033621, 0.841337, 1.250977, 0.888962, 0.974832, 1.081182, 1.174372, 0.980148, 1.127333, 1.149958, 1.182127, 1.080660, 0.943112, 1.244431, 1.187811, 1.070866, 1.156580, 1.218010, 1.251638, 1.034284, 0.798912, 0.862029, 1.198725, 1.308582, 1.183684, 1.077325, 1.349902, 0.957537, 1.109957, 1.280428, 1.122093, 1.009129, 1.046194, 1.116209, 1.076506, 1.175312, 1.031816, 1.151865, 1.063867, 1.390341, 1.095812, 1.053705, 1.069422, 1.179280, 1.122797, 1.039599, 1.056292, 1.051479, 
1.050256, 0.879890, 0.979219, 0.640127, 1.043866, 1.003205, 1.035759, 0.997410, 0.751938, 1.254981, 0.835962, 0.000000, 0.822141, 1.228032, 0.775199, 0.915701, 0.700608, 1.268307, 1.012789, 1.001241, 0.849646, 1.115904, 0.932645, 0.788069, 0.786354, 1.040219, 0.829764, 1.196855, 0.797953, 0.997709, 1.057238, 0.887620, 1.021825, 1.098748, 0.964436, 1.138222, 0.949684, 0.908573, 0.931876, 1.572203, 1.152698, 1.194113, 1.348393, 0.987172, 0.973073, 0.700809, 0.859248, 1.014951, 0.813193, 1.202405, 0.819600, 1.503156, 1.253109, 0.867368, 1.227780, 1.157251, 1.194284, 1.047148, 1.217444, 0.986032, 1.173282, 0.987155, 1.202480, 1.076793, 1.005628, 1.219959, 1.019864, 0.841397, 1.228319, 1.004456, 1.175164, 1.208177, 0.794106, 0.890850, 1.135979, 1.084942, 1.199549, 1.147810, 1.251035, 1.002448, 0.901977, 1.099247, 0.958199, 1.063280, 1.088504, 1.126188, 1.012707, 1.041648, 1.075409, 0.906904, 0.887608, 1.282330, 1.097061, 0.887697, 1.064929, 1.062972, 1.129747, 1.055463, 0.958282, 0.993401, 
1.034483, 0.817526, 0.825358, 0.868687, 0.994404, 0.817675, 1.159194, 1.002438, 0.902791, 1.130306, 0.980758, 0.822141, 0.000000, 1.049877, 0.879859, 0.785399, 0.842287, 1.261081, 0.922486, 0.926697, 0.725574, 1.263267, 0.906297, 0.957914, 0.950240, 1.061859, 0.998265, 1.044723, 1.019419, 0.807591, 1.087170, 1.062486, 0.969486, 0.934557, 1.212656, 1.076797, 1.084061, 0.918898, 0.930960, 1.521352, 1.021461, 1.073982, 1.295604, 1.004925, 0.971611, 0.921822, 0.926634, 1.030788, 0.996958, 1.086489, 1.010248, 1.388540, 1.253075, 1.018471, 1.318547, 1.126039, 1.149643, 0.972342, 1.172318, 0.839749, 1.063724, 0.934662, 1.092284, 0.978031, 1.020129, 0.955916, 1.071088, 0.960901, 1.123535, 1.098007, 1.217848, 1.157206, 0.997794, 0.923884, 0.957047, 0.991574, 1.132389, 1.101649, 1.270461, 1.187032, 0.904075, 0.850241, 1.058346, 1.129270, 1.162617, 1.028450, 1.113673, 0.996978, 0.912146, 0.986489, 1.004696, 1.384260, 1.132515, 1.056644, 1.041523, 0.919664, 0.989949, 1.110478, 0.945851, 0.987459, 
0.947510, 1.144721, 0.869044, 1.202950, 1.014734, 1.059924, 1.115408, 1.063193, 0.999051, 0.984359, 1.029675, 1.228032, 1.049877, 0.000000, 1.134375, 1.210652, 1.111174, 1.125339, 0.685749, 1.324596, 1.182187, 1.331064, 1.230866, 1.014105, 1.290253, 1.035557, 1.094355, 0.778810, 1.162805, 0.887302, 1.168802, 1.319211, 1.263489, 0.979505, 1.518597, 0.821018, 0.962278, 1.027886, 1.160852, 1.053518, 0.919884, 0.769457, 1.272700, 0.962237, 1.221391, 0.964547, 0.881835, 0.986939, 1.196307, 1.306977, 1.396412, 0.999999, 0.958614, 1.168984, 1.032762, 1.129767, 1.305054, 1.285873, 0.853781, 1.023283, 1.041468, 1.324044, 1.009221, 1.097651, 0.931810, 1.088759, 1.125849, 1.146299, 0.830968, 1.233169, 1.062649, 0.901174, 1.179874, 0.998699, 0.826414, 1.163398, 1.045075, 1.017249, 0.978676, 1.203967, 0.952193, 1.202230, 1.048653, 1.049127, 1.334886, 0.833607, 1.214653, 1.161151, 0.777990, 0.997915, 1.043823, 1.020074, 1.017479, 1.061870, 0.953144, 1.124497, 0.947781, 1.073153, 0.973338, 1.231883, 
1.044964, 1.040083, 1.075613, 0.874492, 1.085825, 0.997800, 1.137019, 0.964694, 0.954501, 1.185696, 0.927211, 0.775199, 0.879859, 1.134375, 0.000000, 1.073490, 0.639526, 1.008793, 1.000630, 0.927175, 0.991874, 1.334447, 1.132850, 0.803710, 0.859124, 1.067188, 0.696688, 0.903427, 0.899065, 0.961850, 1.220378, 0.952614, 1.025262, 1.059613, 1.104950, 1.063401, 0.870536, 0.736231, 1.026552, 1.336197, 1.215703, 1.187953, 1.377085, 0.917983, 1.233734, 0.837948, 1.001037, 0.985237, 0.970015, 1.217745, 0.972452, 1.319877, 1.308169, 0.520889, 1.225275, 1.301308, 1.262662, 1.081602, 1.070633, 1.017839, 1.136720, 0.966169, 1.173925, 1.040131, 0.961422, 1.166466, 1.011634, 0.788285, 1.024013, 1.083667, 1.152054, 1.228321, 0.879151, 1.011436, 1.035314, 1.151632, 1.156848, 1.052602, 1.134415, 1.137758, 0.879177, 1.115518, 1.100711, 1.083387, 1.105885, 1.024799, 1.054101, 1.106760, 1.035944, 0.908072, 0.866756, 1.306109, 1.197235, 1.052464, 1.005888, 1.047973, 1.097192, 1.040920, 0.988933, 1.071149, 
0.843110, 0.942088, 0.829938, 0.959566, 1.304983, 0.948101, 1.393249, 1.191713, 1.202432, 1.167046, 1.157235, 0.915701, 0.785399, 1.210652, 1.073490, 0.000000, 0.984150, 1.657037, 1.239103, 0.891994, 0.659684, 1.415264, 1.007289, 1.102861, 0.875467, 1.105493, 1.218944, 1.237632, 1.278487, 0.880675, 1.244201, 1.200450, 1.082210, 0.972813, 1.171193, 1.095968, 1.139462, 0.978246, 1.051926, 1.611960, 1.148606, 1.165142, 1.462798, 0.900923, 1.098827, 1.045829, 0.997516, 1.185182, 1.077968, 1.141494, 1.229586, 1.533692, 1.459763, 1.208168, 1.064589, 1.345551, 1.349220, 0.986696, 1.277980, 0.981826, 1.218548, 0.875540, 1.044388, 1.188579, 1.357444, 0.808105, 0.968510, 0.967721, 1.466872, 1.297046, 1.439518, 1.589395, 1.186022, 1.145389, 1.320193, 1.031050, 1.300258, 1.331448, 1.195953, 1.142447, 1.062730, 0.851024, 1.142692, 1.287543, 1.323313, 1.139103, 1.370685, 1.159467, 1.131589, 1.085753, 0.953316, 1.374737, 1.529728, 1.203933, 1.035588, 0.927475, 1.184257, 1.186736, 1.073652, 0.928157, 
1.031273, 0.884590, 0.913475, 0.665976, 1.139515, 0.991227, 1.018785, 1.073320, 0.951274, 1.170002, 1.029360, 0.700608, 0.842287, 1.111174, 0.639526, 0.984150, 0.000000, 1.065184, 1.030451, 1.052024, 0.925598, 1.313126, 1.103006, 0.698443, 0.768457, 1.255343, 0.691418, 0.907520, 0.862450, 1.034547, 1.250293, 1.066860, 1.194387, 0.970008, 1.079946, 1.066025, 0.829695, 0.807204, 0.976883, 1.363773, 1.016937, 1.018887, 1.403446, 0.955220, 1.125339, 0.719115, 0.856654, 0.960346, 0.962680, 1.326839, 0.843541, 1.390167, 1.357170, 0.933122, 1.233659, 1.214600, 1.206918, 1.202643, 1.028868, 1.062990, 1.170564, 1.039608, 1.130977, 1.051308, 1.065616, 1.147214, 0.847659, 0.805900, 1.083516, 1.005743, 1.300374, 1.247935, 0.858797, 1.065930, 0.884509, 0.847195, 1.330295, 1.053745, 1.021231, 1.222481, 0.698205, 0.949626, 1.096631, 1.134155, 1.040324, 0.983501, 1.036706, 0.923940, 0.958433, 0.698384, 0.603582, 1.255998, 1.124231, 0.911144, 0.925306, 1.054014, 0.979682, 1.215196, 0.787779, 1.068983, 
1.446480, 1.022415, 1.274566, 1.301466, 1.139715, 1.011711, 0.769214, 1.074419, 1.324473, 1.115876, 1.337573, 1.268307, 1.261081, 1.125339, 1.008793, 1.657037, 1.065184, 0.000000, 1.035840, 1.478415, 1.464980, 1.211128, 1.479401, 0.995595, 1.436988, 1.238988, 0.918149, 0.983551, 1.135160, 1.204837, 1.180902, 1.347062, 1.222817, 1.044651, 1.719494, 1.286170, 1.141230, 1.251748, 1.351473, 0.789677, 0.949639, 1.278844, 1.159885, 1.484704, 1.263963, 1.062419, 1.335682, 0.881896, 1.536286, 1.409487, 1.279474, 0.866263, 1.129953, 1.226573, 1.519127, 1.413857, 1.446614, 1.473370, 1.032590, 1.256030, 1.148656, 1.550121, 1.102910, 1.004440, 1.014542, 1.373456, 1.634170, 1.361350, 0.970594, 1.088451, 0.797065, 0.926806, 1.424317, 1.172671, 0.984030, 1.258269, 1.074753, 1.074575, 1.324612, 1.394445, 1.192417, 1.224862, 1.337276, 1.161596, 1.460457, 1.084842, 1.118913, 1.204565, 1.075527, 1.178135, 1.360511, 1.086844, 0.989339, 1.215816, 1.290917, 1.207183, 1.099900, 1.186514, 1.290710, 1.240914, 
1.046815, 0.923506, 0.943897, 1.030564, 0.893766, 0.910368, 0.997915, 0.932266, 0.849691, 0.964059, 0.939997, 1.012789, 0.922486, 0.685749, 1.000630, 1.239103, 1.030451, 1.035840, 0.000000, 1.100718, 1.019832, 1.154180, 1.030622, 0.848477, 1.120706, 0.882818, 0.951392, 0.688691, 0.943788, 0.792547, 1.007645, 1.121172, 1.093198, 0.869979, 1.272394, 0.822779, 1.026210, 1.060585, 0.997329, 1.190625, 0.938056, 0.864829, 1.112243, 0.990237, 0.998809, 0.925286, 0.951031, 0.865720, 0.985277, 1.107086, 1.131716, 1.239269, 0.905405, 1.021761, 1.183342, 0.920266, 1.077242, 1.115277, 0.931739, 0.836397, 0.929361, 1.185493, 0.987739, 0.914649, 0.830297, 1.052681, 1.214701, 1.142790, 0.791855, 1.071993, 0.978421, 0.879578, 1.003426, 0.823809, 0.789992, 1.081544, 0.963605, 0.896819, 1.114923, 1.040907, 0.911394, 1.089506, 0.932350, 0.914667, 1.148279, 0.940364, 1.050027, 0.931925, 0.725205, 1.027504, 1.134533, 1.323415, 0.992006, 0.921692, 0.983166, 0.956173, 0.851105, 0.934091, 0.901416, 1.008953, 
1.118509, 0.762910, 1.024058, 0.956011, 0.985011, 0.885215, 1.065009, 1.303028, 1.023436, 1.096526, 1.082742, 1.001241, 0.926697, 1.324596, 0.927175, 0.891994, 1.052024, 1.478415, 1.100718, 0.000000, 0.842945, 1.266078, 0.748721, 1.239621, 1.006640, 0.992207, 1.307701, 1.130759, 1.097451, 0.831419, 1.064349, 0.988654, 0.809994, 0.985102, 1.078633, 1.136144, 1.219382, 0.994154, 1.227804, 1.642621, 1.178775, 1.303774, 1.071358, 1.091193, 0.908613, 1.268369, 1.254638, 1.260600, 0.921733, 0.836776, 1.091631, 1.581738, 1.280160, 0.792588, 1.255987, 1.140641, 0.924168, 0.668946, 1.414283, 0.769264, 1.077876, 0.636330, 1.180626, 1.070615, 0.955307, 0.940369, 1.071341, 1.106637, 1.197110, 0.999668, 1.256689, 1.387558, 0.931972, 0.993013, 1.266987, 0.868271, 1.126786, 1.266237, 1.430392, 1.108443, 1.263905, 0.772392, 1.080771, 1.197692, 0.991010, 1.163125, 1.178739, 0.846102, 1.264913, 1.288680, 1.021035, 1.581830, 1.257628, 1.000027, 1.191142, 0.979562, 1.051411, 1.074995, 1.158325, 0.720171, 
0.889963, 0.856464, 0.892591, 0.892086, 1.029034, 0.762762, 1.236774, 1.111293, 1.005332, 1.053461, 0.990825, 0.849646, 0.725574, 1.182187, 0.991874, 0.659684, 0.925598, 1.464980, 1.019832, 0.842945, 0.000000, 1.230456, 0.850878, 0.950125, 0.737624, 1.051133, 1.004710, 1.218170, 1.106507, 0.806093, 1.010298, 1.048234, 0.857977, 0.891502, 1.058157, 1.055958, 1.119703, 1.009216, 1.027485, 1.634796, 1.073532, 1.190201, 1.263067, 0.983133, 0.934896, 0.924644, 0.986097, 1.021614, 0.812672, 1.075885, 1.078262, 1.608973, 1.326422, 1.097874, 1.128175, 1.241778, 1.084778, 0.876477, 1.224532, 0.872760, 1.048892, 0.798403, 1.051800, 1.032404, 1.123519, 0.900265, 1.072775, 0.902731, 1.335514, 1.183169, 1.214004, 1.322903, 1.079766, 0.989967, 1.192428, 1.019353, 1.124652, 1.141399, 1.185243, 0.989578, 0.993707, 0.821589, 0.922465, 1.106379, 1.163843, 0.996671, 1.137888, 1.066335, 0.919992, 1.067140, 0.989969, 1.407801, 1.293964, 1.138051, 1.026286, 0.849055, 1.043728, 1.016111, 1.051356, 0.802168, 
1.395679, 1.229263, 1.361054, 1.232808, 1.045007, 1.269894, 0.924236, 1.061691, 1.025037, 1.154714, 0.951947, 1.115904, 1.263267, 1.331064, 1.334447, 1.415264, 1.313126, 1.211128, 1.154180, 1.266078, 1.230456, 0.000000, 1.088824, 1.201080, 1.160506, 1.029987, 1.359221, 1.158462, 0.982881, 1.183015, 0.750199, 0.908544, 0.973916, 1.301708, 1.069062, 1.192640, 1.404196, 1.386094, 1.095393, 1.273232, 1.103011, 1.321710, 0.919751, 1.312366, 0.878748, 1.175019, 1.295462, 1.080396, 1.027562, 1.006351, 1.078554, 1.244316, 0.995348, 1.121271, 1.433844, 1.047350, 0.744140, 1.224527, 1.314443, 1.212456, 1.162370, 1.345526, 1.337344, 1.156366, 1.123467, 1.402524, 1.421434, 1.377638, 1.231623, 0.866315, 1.034971, 0.944123, 1.083057, 1.186075, 1.383332, 1.335696, 1.034279, 1.199702, 1.310457, 1.220956, 1.333239, 1.383064, 1.142258, 1.217370, 1.047200, 1.264820, 0.926006, 1.225725, 1.220079, 1.345266, 1.329677, 1.319632, 0.914370, 1.159245, 1.351136, 1.363001, 1.187805, 1.216049, 1.369999, 1.266991, 
1.143424, 0.709222, 1.003304, 1.043681, 0.944334, 1.015916, 1.110346, 1.234483, 0.883841, 1.269230, 1.070391, 0.932645, 0.906297, 1.230866, 1.132850, 1.007289, 1.103006, 1.479401, 1.030622, 0.748721, 0.850878, 1.088824, 0.000000, 1.098815, 0.950806, 0.910344, 1.221154, 1.043978, 0.933025, 0.946011, 0.916533, 0.902886, 0.771977, 0.934435, 0.976690, 1.014410, 1.249700, 0.997460, 0.978764, 1.612347, 1.155181, 1.188101, 1.084310, 1.115553, 0.857604, 1.112057, 1.074559, 1.168561, 0.939269, 0.837169, 0.942038, 1.621037, 1.041154, 0.955553, 1.271170, 1.048480, 0.964257, 0.726778, 1.315953, 0.870837, 0.934349, 0.906682, 1.084715, 1.140198, 0.935976, 1.034172, 1.191158, 1.174870, 1.200583, 1.116258, 1.238648, 1.165408, 0.960269, 0.960457, 1.106742, 1.157240, 1.055088, 1.117906, 1.383278, 1.018407, 1.073988, 0.955244, 0.915580, 1.025164, 0.921321, 1.060785, 1.054685, 0.868611, 1.124102, 1.176953, 1.108358, 1.573851, 1.102228, 1.073071, 1.145638, 0.910214, 1.113100, 0.906336, 1.113737, 0.724488, 
1.160425, 0.992254, 0.851280, 0.764235, 1.151749, 0.861706, 1.156243, 0.917830, 0.829482, 1.073883, 1.006050, 0.788069, 0.957914, 1.014105, 0.803710, 1.102861, 0.698443, 0.995595, 0.848477, 1.239621, 0.950125, 1.201080, 1.098815, 0.000000, 0.839390, 1.214418, 0.654777, 0.887414, 0.742446, 0.970280, 1.226779, 0.999557, 1.060459, 0.764772, 1.156716, 1.087138, 0.726790, 0.803153, 0.984794, 1.220033, 1.028702, 1.014636, 1.409661, 0.960405, 1.184548, 0.690661, 0.697033, 0.975623, 1.015743, 1.289301, 0.979919, 1.352298, 1.353455, 0.953665, 1.360425, 1.217662, 1.296590, 1.291024, 0.964723, 1.001268, 1.061905, 1.261768, 0.987434, 0.984522, 0.958828, 1.186020, 1.060731, 1.041785, 1.063067, 1.155362, 1.184367, 1.175797, 0.954393, 1.022007, 1.089702, 1.146498, 1.201979, 0.970294, 1.008697, 1.304298, 0.735536, 1.095580, 1.048299, 1.001405, 1.136731, 1.081846, 1.041687, 1.103760, 0.914416, 0.780569, 0.823573, 1.372602, 1.233886, 1.050560, 0.998529, 1.158500, 1.056754, 1.206228, 0.758323, 1.139163, 
0.960729, 1.009511, 1.110182, 0.718142, 1.104912, 1.109174, 1.248302, 1.041851, 0.980601, 1.024721, 1.008509, 0.786354, 0.950240, 1.290253, 0.859124, 0.875467, 0.768457, 1.436988, 1.120706, 1.006640, 0.737624, 1.160506, 0.950806, 0.839390, 0.000000, 0.997037, 0.946955, 1.139707, 0.943480, 1.040518, 1.124564, 0.905589, 1.058018, 1.128849, 0.852532, 0.982349, 1.051605, 0.815204, 0.888134, 1.625915, 1.180841, 1.152739, 1.312786, 0.790860, 1.127759, 0.824098, 0.912546, 1.061378, 0.797156, 1.185405, 0.944196, 1.658977, 1.312825, 0.920332, 1.071095, 1.314096, 1.141476, 1.046437, 1.210498, 1.062238, 1.052472, 0.970362, 1.044699, 1.033894, 1.187733, 1.031150, 0.913334, 0.796588, 1.316138, 1.034140, 1.309523, 1.460900, 0.954945, 0.990012, 1.241171, 1.137782, 1.123359, 1.036176, 1.137626, 0.926099, 0.870945, 1.055797, 0.962362, 1.107174, 0.965819, 1.052711, 1.071676, 1.009058, 1.101234, 0.915262, 0.778089, 1.360984, 1.354072, 1.025661, 0.961052, 1.006596, 1.147079, 0.970411, 0.974138, 0.957705, 
0.905251, 0.979771, 1.274566, 1.204979, 0.798907, 0.974763, 0.953775, 1.118007, 0.966534, 0.979093, 0.902833, 1.040219, 1.061859, 1.035557, 1.067188, 1.105493, 1.255343, 1.238988, 0.882818, 0.992207, 1.051133, 1.029987, 0.910344, 1.214418, 0.997037, 0.000000, 1.297527, 0.883807, 1.001814, 1.049737, 0.831711, 0.885064, 0.868093, 1.124964, 1.091013, 0.763715, 1.260918, 1.171879, 1.002172, 1.358379, 1.156425, 1.114546, 1.014997, 1.043766, 0.876407, 1.231875, 1.193697, 1.059083, 1.031000, 0.984016, 1.197542, 1.344074, 0.814102, 0.920153, 1.099167, 1.032287, 1.015825, 0.902344, 1.115003, 1.017263, 0.817683, 1.081462, 0.825989, 1.028916, 0.801305, 1.144060, 1.257708, 1.053835, 0.983050, 0.999554, 0.936598, 0.976049, 0.947850, 0.872015, 0.962045, 1.226246, 0.933603, 1.073001, 1.221580, 0.853090, 1.210873, 1.248385, 0.807791, 0.980569, 1.090668, 0.860997, 1.033510, 1.006842, 0.941384, 1.189518, 1.271215, 1.238670, 1.018068, 1.065304, 0.971088, 1.021323, 1.043057, 0.673664, 1.137729, 0.873919, 
1.240866, 1.003956, 0.982201, 0.869045, 1.164719, 0.963500, 1.115574, 0.977358, 0.997714, 1.250387, 0.959474, 0.829764, 0.998265, 1.094355, 0.696688, 1.218944, 0.691418, 0.918149, 0.951392, 1.307701, 1.004710, 1.359221, 1.221154, 0.654777, 0.946955, 1.297527, 0.000000, 1.025334, 0.887699, 1.047253, 1.349753, 1.093311, 1.163860, 0.973461, 1.230564, 1.138766, 0.910397, 0.743036, 1.095366, 1.232042, 1.180373, 1.160185, 1.355599, 1.033945, 1.331422, 0.678159, 0.988221, 0.968978, 1.014282, 1.361456, 0.995696, 1.397008, 1.320972, 0.951486, 1.410926, 1.358518, 1.412725, 1.333523, 0.951336, 1.075423, 1.159764, 1.309644, 1.114341, 1.011326, 1.005472, 1.325906, 1.151581, 1.028042, 1.103042, 1.250652, 1.155227, 1.124808, 1.078546, 0.984816, 1.093871, 1.177281, 1.228639, 0.997990, 0.982772, 1.277342, 0.798623, 1.078118, 1.058539, 1.003262, 1.188924, 0.941197, 1.026104, 1.109797, 0.916652, 0.798169, 0.878848, 1.395460, 1.189781, 1.131222, 0.898307, 1.068124, 1.074872, 1.169052, 0.969456, 1.219768, 
1.105699, 0.965887, 1.050938, 1.187673, 0.997766, 1.032960, 1.112042, 0.987276, 1.041982, 1.051478, 1.128393, 1.196855, 1.044723, 0.778810, 0.903427, 1.237632, 0.907520, 0.983551, 0.688691, 1.130759, 1.218170, 1.158462, 1.043978, 0.887414, 1.139707, 0.883807, 1.025334, 0.000000, 1.064262, 0.885585, 1.009874, 1.089088, 1.057369, 0.817534, 1.332470, 0.779157, 0.915891, 0.954584, 1.066389, 1.056792, 1.034534, 0.920056, 1.238598, 1.067727, 1.179745, 1.041774, 1.087608, 0.979542, 1.215400, 1.146394, 1.175186, 1.132961, 0.982772, 0.959799, 1.157966, 1.077172, 1.229253, 1.080196, 0.868089, 0.911074, 0.765378, 1.259489, 0.881380, 0.933096, 0.879941, 1.059539, 1.305170, 1.047710, 0.675253, 1.100338, 1.047137, 1.062652, 1.188805, 0.987036, 0.741078, 1.126486, 0.930888, 0.855476, 1.118406, 1.158817, 0.862419, 1.162791, 0.961003, 0.872883, 1.228655, 0.850246, 1.068095, 1.065014, 0.849144, 1.002627, 1.158639, 1.306180, 1.056014, 1.104936, 0.988367, 0.989325, 1.010533, 0.956289, 0.977587, 1.052917, 
1.307090, 0.911117, 1.079238, 0.861900, 0.945287, 0.972415, 0.927526, 1.140319, 0.709391, 1.274145, 0.770230, 0.797953, 1.019419, 1.162805, 0.899065, 1.278487, 0.862450, 1.135160, 0.943788, 1.097451, 1.106507, 0.982881, 0.933025, 0.742446, 0.943480, 1.001814, 0.887699, 1.064262, 0.000000, 1.104066, 1.039362, 0.638300, 0.907213, 1.005512, 0.975455, 1.069579, 0.920727, 0.968505, 1.157486, 1.359808, 1.225769, 1.219062, 1.213657, 1.105896, 1.076564, 0.947817, 0.979908, 1.086328, 0.969279, 0.928107, 0.763138, 1.482199, 1.119975, 0.856660, 1.438151, 0.970490, 1.028716, 1.072701, 1.126493, 1.070834, 1.005263, 1.202793, 1.147571, 1.052590, 0.905379, 1.216754, 1.224982, 1.077935, 1.050744, 1.113261, 1.198272, 0.960996, 0.636589, 1.002300, 1.132472, 1.294365, 1.128855, 1.041521, 1.235660, 1.090560, 0.933696, 1.222302, 0.997271, 0.924357, 0.882417, 1.084114, 0.875701, 1.036615, 1.013149, 0.975437, 0.988448, 1.459697, 0.955703, 1.064266, 1.065987, 1.038343, 1.074022, 1.032085, 0.954349, 1.068263, 
0.996699, 0.891367, 0.814073, 0.944859, 1.005967, 0.772140, 1.183649, 1.142643, 1.030549, 1.012586, 0.945008, 0.997709, 0.807591, 0.887302, 0.961850, 0.880675, 1.034547, 1.204837, 0.792547, 0.831419, 0.806093, 1.183015, 0.946011, 0.970280, 1.040518, 1.049737, 1.047253, 0.885585, 1.104066, 0.000000, 1.173264, 1.105171, 0.953822, 0.698477, 1.188567, 1.002064, 1.035361, 1.040500, 1.098465, 1.294736, 1.033734, 1.094465, 1.253786, 0.985775, 1.025259, 0.878553, 0.924106, 1.010624, 0.924384, 0.956393, 1.243368, 1.379096, 1.173125, 0.968247, 1.261766, 1.049414, 1.130538, 0.931978, 1.160183, 0.706229, 1.128966, 0.836425, 1.046000, 0.996260, 0.977333, 0.937310, 1.132852, 1.124017, 1.062733, 1.218758, 1.168764, 1.195563, 1.074467, 0.985147, 1.098401, 1.010811, 1.186540, 1.119385, 1.295651, 1.316816, 1.012133, 0.809993, 1.205757, 1.109799, 1.255103, 0.988068, 1.279702, 1.066001, 0.933297, 1.075546, 1.016762, 1.450853, 1.182611, 1.207787, 1.141229, 0.952866, 0.977231, 1.187213, 0.989251, 0.945298, 
1.049537, 1.048894, 1.230056, 1.150480, 0.834082, 1.106816, 0.811522, 1.027388, 0.969739, 1.012482, 1.000537, 1.057238, 1.087170, 1.168802, 1.220378, 1.244201, 1.250293, 1.180902, 1.007645, 1.064349, 1.010298, 0.750199, 0.916533, 1.226779, 1.124564, 0.831711, 1.349753, 1.009874, 1.039362, 1.173264, 0.000000, 0.954010, 0.954348, 1.175932, 1.164108, 1.024355, 1.258913, 1.214303, 0.904773, 1.156082, 0.905652, 1.046728, 0.870537, 1.214477, 0.714416, 1.205050, 1.248614, 1.007345, 1.019108, 0.941934, 1.143445, 1.023560, 0.775798, 0.961488, 1.324655, 1.024548, 0.831865, 0.944590, 1.190038, 1.022759, 1.010208, 1.189407, 1.074407, 1.112052, 0.931282, 1.261397, 1.363956, 1.294033, 1.041911, 0.785956, 0.862844, 0.822539, 1.045346, 0.993753, 1.103562, 1.041523, 0.965802, 1.125017, 1.208891, 1.070755, 1.248852, 1.165162, 0.975250, 1.040794, 0.917694, 1.046314, 0.809393, 0.926941, 1.075150, 1.288730, 1.266992, 1.221686, 0.748736, 0.893368, 1.145278, 1.179869, 0.943980, 1.058998, 1.280216, 1.070826, 
1.216120, 1.036631, 1.240097, 0.942173, 0.998988, 1.124998, 1.039148, 1.052119, 0.815269, 1.309738, 0.907997, 0.887620, 1.062486, 1.319211, 0.952614, 1.200450, 1.066860, 1.347062, 1.121172, 0.988654, 1.048234, 0.908544, 0.902886, 0.999557, 0.905589, 0.885064, 1.093311, 1.089088, 0.638300, 1.105171, 0.954010, 0.000000, 0.693868, 1.151923, 0.814617, 1.112179, 0.983264, 1.028896, 1.085853, 1.478603, 1.373276, 1.292289, 1.119709, 1.010943, 1.046684, 1.079805, 1.155099, 1.259483, 0.922017, 0.934627, 0.868814, 1.470521, 1.153337, 0.776237, 1.345742, 1.084359, 0.960991, 0.956425, 1.293788, 1.133370, 1.046390, 1.085626, 1.170128, 1.116516, 1.042182, 1.155670, 1.159361, 0.953409, 1.146247, 1.085289, 1.173644, 1.144331, 0.663393, 0.940046, 1.280516, 1.309550, 1.103029, 1.168729, 1.373654, 0.937379, 1.121897, 1.249510, 1.046865, 1.071967, 0.924625, 1.193882, 0.967710, 1.086339, 1.171289, 1.106487, 1.136618, 1.511857, 1.164961, 1.095234, 1.176554, 1.110749, 1.185603, 1.062203, 1.135142, 0.956064, 
1.234888, 0.929017, 1.071177, 1.110768, 0.941405, 1.031108, 1.116129, 1.155302, 0.855707, 1.297434, 1.008333, 1.021825, 0.969486, 1.263489, 1.025262, 1.082210, 1.194387, 1.222817, 1.093198, 0.809994, 0.857977, 0.973916, 0.771977, 1.060459, 1.058018, 0.868093, 1.163860, 1.057369, 0.907213, 0.953822, 0.954348, 0.693868, 0.000000, 0.855300, 1.033287, 1.056197, 1.078208, 1.143985, 1.140744, 1.397830, 1.230971, 1.317844, 1.231434, 1.141473, 1.047278, 1.110224, 1.195838, 1.214431, 0.974952, 0.867086, 1.092620, 1.415307, 1.027436, 0.850243, 1.318382, 1.082892, 1.006043, 0.801718, 1.263632, 0.884403, 1.000380, 0.900196, 1.157572, 1.106519, 0.938671, 1.056708, 1.310457, 1.088733, 1.136622, 1.087786, 1.150708, 1.098250, 0.914094, 1.008050, 1.279860, 1.265064, 1.078653, 1.156635, 1.407777, 1.063227, 1.198453, 1.011503, 0.970319, 1.009442, 1.050209, 1.145621, 0.982730, 1.129496, 1.198399, 1.218903, 1.288684, 1.486725, 1.098222, 1.211150, 1.211605, 0.983843, 1.188830, 1.080726, 1.212998, 0.864775, 
1.173913, 0.843968, 0.782728, 0.950476, 1.072687, 0.757091, 1.169895, 1.099213, 1.027760, 1.033125, 1.142404, 1.098748, 0.934557, 0.979505, 1.059613, 0.972813, 0.970008, 1.044651, 0.869979, 0.985102, 0.891502, 1.301708, 0.934435, 0.764772, 1.128849, 1.124964, 0.973461, 0.817534, 1.005512, 0.698477, 1.175932, 1.151923, 0.855300, 0.000000, 1.313059, 0.950766, 0.890817, 1.047469, 1.155997, 1.077839, 1.062337, 1.065607, 1.384830, 1.116282, 1.177723, 1.008168, 1.044308, 1.125633, 1.200608, 1.027824, 1.074244, 1.231054, 1.232192, 1.074725, 1.393253, 1.094935, 1.185037, 1.028493, 0.996143, 0.838349, 1.007576, 1.013159, 0.959107, 1.018814, 0.933046, 0.913977, 1.249381, 1.171209, 0.992010, 1.198629, 1.081738, 1.134059, 1.207074, 1.128776, 1.039391, 1.011318, 1.099325, 1.007316, 1.190732, 1.376814, 0.913042, 0.737323, 1.070646, 0.888813, 1.164480, 0.957045, 1.163556, 1.018066, 0.960733, 0.985011, 1.056502, 1.402065, 1.178898, 1.195603, 1.092260, 0.926906, 1.082006, 1.272035, 1.018016, 1.150333, 
1.254128, 1.130872, 1.351900, 1.023377, 1.051914, 1.305956, 1.306110, 1.255529, 0.986057, 1.358152, 0.917707, 0.964436, 1.212656, 1.518597, 1.104950, 1.171193, 1.079946, 1.719494, 1.272394, 1.078633, 1.058157, 1.069062, 0.976690, 1.156716, 0.852532, 1.091013, 1.230564, 1.332470, 0.975455, 1.188567, 1.164108, 0.814617, 1.033287, 1.313059, 0.000000, 1.197218, 1.267048, 1.079451, 1.095478, 1.750901, 1.386760, 1.368056, 1.143850, 1.101560, 1.154235, 1.119292, 1.184637, 1.250270, 0.923571, 1.061947, 0.801589, 1.821006, 1.293964, 0.973045, 1.390192, 1.106404, 0.970245, 1.026345, 1.438633, 1.171543, 1.153243, 1.107089, 1.274676, 1.160607, 1.275902, 1.220181, 1.181858, 1.132460, 1.482327, 1.205049, 1.405029, 1.416671, 0.873297, 1.120528, 1.411796, 1.353503, 1.303075, 1.264853, 1.413226, 0.971197, 1.181561, 1.293928, 1.064192, 1.173870, 0.863596, 1.291365, 1.088959, 1.055292, 1.323271, 1.206283, 1.097363, 1.622034, 1.361294, 1.131369, 1.247258, 1.215732, 1.322982, 1.061146, 1.214886, 1.071755, 
0.872444, 1.002590, 1.016264, 1.096527, 0.932903, 0.992004, 1.143033, 0.986464, 0.978221, 0.934195, 1.081209, 1.138222, 1.076797, 0.821018, 1.063401, 1.095968, 1.066025, 1.286170, 0.822779, 1.136144, 1.055958, 1.192640, 1.014410, 1.087138, 0.982349, 0.763715, 1.138766, 0.779157, 1.069579, 1.002064, 1.024355, 1.112179, 1.056197, 0.950766, 1.197218, 0.000000, 1.118621, 0.982731, 0.799954, 1.277166, 1.037041, 0.818288, 1.170494, 0.922724, 1.100845, 1.035228, 1.171409, 0.928719, 1.153283, 1.103091, 1.314337, 1.185589, 0.863054, 1.080077, 0.983147, 1.073875, 1.170441, 1.106094, 0.987302, 1.075563, 0.787752, 1.063318, 0.745247, 1.027561, 0.900098, 0.875280, 1.154281, 1.013259, 0.911491, 1.065419, 1.041586, 1.096448, 1.115837, 1.011829, 0.865361, 1.099975, 0.855996, 0.914312, 1.010313, 1.029108, 1.064572, 1.171207, 0.831338, 0.969740, 1.134134, 0.688324, 1.024820, 0.976005, 0.842980, 1.142506, 1.144157, 1.061990, 1.210329, 0.917371, 0.811930, 0.873394, 0.957030, 0.930345, 1.088071, 1.152023, 
1.152665, 1.136195, 0.987936, 0.983979, 1.318287, 1.195201, 1.244780, 1.255209, 0.960507, 1.379557, 1.140282, 0.949684, 1.084061, 0.962278, 0.870536, 1.139462, 0.829695, 1.141230, 1.026210, 1.219382, 1.119703, 1.404196, 1.249700, 0.726790, 1.051605, 1.260918, 0.910397, 0.915891, 0.920727, 1.035361, 1.258913, 0.983264, 1.078208, 0.890817, 1.267048, 1.118621, 0.000000, 0.928639, 1.259621, 0.997992, 1.111568, 1.054239, 1.578911, 0.997529, 1.389018, 0.867990, 0.744442, 1.159354, 1.208828, 1.274533, 1.082104, 1.067743, 1.326116, 0.881995, 1.398907, 1.256560, 1.439573, 1.293899, 0.998907, 1.135701, 1.163330, 1.252366, 1.167779, 1.083647, 1.144106, 1.075932, 1.038327, 0.991607, 0.880232, 1.317204, 1.287149, 1.199490, 1.101035, 1.167851, 1.113144, 1.188805, 1.349602, 1.036080, 1.173359, 1.413323, 0.772221, 1.169931, 1.184429, 1.004422, 1.306519, 1.122754, 1.248958, 1.254018, 1.027935, 0.857625, 0.933338, 1.416800, 1.245618, 1.284773, 1.076604, 1.134505, 1.211487, 1.380024, 0.841383, 1.375135, 
1.024089, 1.024289, 0.917938, 0.873480, 1.077856, 1.014646, 1.232241, 1.032234, 0.958397, 1.136848, 1.019626, 0.908573, 0.918898, 1.027886, 0.736231, 0.978246, 0.807204, 1.251748, 1.060585, 0.994154, 1.009216, 1.386094, 0.997460, 0.803153, 0.815204, 1.171879, 0.743036, 0.954584, 0.968505, 1.040500, 1.214303, 1.028896, 1.143985, 1.047469, 1.079451, 0.982731, 0.928639, 0.000000, 1.062182, 1.380187, 1.121269, 1.090260, 1.285292, 0.741295, 1.260058, 0.830966, 0.898453, 1.083693, 0.854195, 1.202554, 1.111500, 1.448979, 1.246951, 0.803075, 1.026115, 1.331881, 1.160416, 1.108962, 1.000902, 1.023272, 1.008666, 1.040406, 1.046123, 1.150134, 1.097008, 1.012167, 0.850249, 0.805222, 1.158821, 1.172725, 1.202884, 1.280886, 0.970640, 1.057325, 1.131803, 1.135185, 1.017676, 1.063847, 1.081683, 1.106478, 0.863705, 1.169711, 1.054396, 1.112360, 1.085756, 0.960346, 1.231925, 1.003384, 1.063447, 0.860204, 0.666763, 1.319862, 1.303063, 1.107414, 0.905261, 1.054068, 1.089610, 1.068327, 0.882249, 1.001662, 
0.954970, 1.096271, 1.206472, 0.930716, 1.044629, 1.116658, 1.161287, 0.864772, 1.066955, 1.171032, 1.071392, 0.931876, 0.930960, 1.160852, 1.026552, 1.051926, 0.976883, 1.351473, 0.997329, 1.227804, 1.027485, 1.095393, 0.978764, 0.984794, 0.888134, 1.002172, 1.095366, 1.066389, 1.157486, 1.098465, 0.904773, 1.085853, 1.140744, 1.155997, 1.095478, 0.799954, 1.259621, 1.062182, 0.000000, 1.285491, 1.117921, 1.027782, 1.355459, 0.982563, 0.999293, 0.948260, 1.019941, 1.084591, 1.027976, 1.228393, 1.209837, 1.308703, 1.130447, 1.065067, 0.998413, 1.280373, 1.191033, 1.125509, 1.164751, 1.140264, 1.059872, 1.063600, 1.012808, 1.088746, 1.061216, 0.926001, 1.095290, 0.948729, 1.153637, 0.978487, 1.158415, 1.228453, 1.160151, 1.079099, 1.102874, 1.009204, 0.983542, 0.987302, 1.144620, 1.106605, 0.986447, 1.176377, 1.009488, 1.175642, 1.038312, 0.995523, 1.019583, 1.021340, 0.994541, 1.068677, 1.024699, 1.296028, 1.201798, 0.780016, 0.976423, 1.054676, 0.974501, 1.063841, 1.133370, 1.175413, 
